[ 339713943020295295871145737306433036621 203912659363041327802113903996022781875 322282991606146297848282832644237643850 255918678246928159248018191418608923436 27943923295058261974384731118658552661 31735512003161764041042730816920096955 
218864677727805212222146094487525198617 202819460884948122702326222808101627703 320205997475235001316379599019253201787 304560925996594648495774697161577434930 271933469005566064249782022735979237750 
62109825215493622331158899169422181299 90425326169068389570473091216181551451 134893811623083901822871947399652527094 75889814650361595754435132689205029714 255268286374860111722856545725744601156 
75333929280783967738158547570606684312 136007018647194893477849372051748174668 32603392208207832860125392282749715667 89491104766227033205593774679351326643 5130831508733972331659267547431899358 
146977889101116109757222393907384746064 332512771339869727726913289590775160423 13581480844466667747252817273574783387 907770631847398223089142665006240786 8192680422180528455016758454367767170 
57932083905251327619585594965480869222 65460273099937616048478287372469566106 220601562833429187279020151394763596879 166304541874485925382060853536844464665 102346933273202481263780781505861382455 
19729350405280041196006156574541285210 232727309817524787242575876180923296139 73484864683390927389481398935959340252 41817737461316904066338904629665332849 77935726790552253512400504276220030678 
57670662857319354999260349596415733362 53617362484016945453762802080769379927 152004262329266501815689536921897505484 46903886397868860896611516027185928742 288107222528238058104064474985513720422 
91729484545994069866238781053458432693 225268311408810497463619638943919347044 148494985603768432258070970667934988487 218661022461576857051187279598692228904 124634213158739281921168000674063901282 
41001818194311799868383862084466955268 37998173082582783992278618602499729904 209364963761839534967893555138716800953 203775316583360057862320320650247407450 190974571448837477071696459407459711790 
78114245623871775086183556199441528854 85695453846818014747525583417957250573 58330371942228551889138767898479301661 297919103572086557457796190746707532299 291357821125878979829503568181879454380 
208855851135999774847779182389972567372 134113879175640304432139411942010312054 324177673881568583699238471331768873126 6084442743938231396574585713386775294 221295314204682376258151266694819827380 
167069924142446622387024510799250987919 319386095023487742829696485529438255598 130397781415927150194888841616715300935 220128799291694312677400471374646929522 215080749583392630442244086663671458236 
49312938977993471151904346011563745215 236877840974349816785854775809742202636 170754062427161913611607369205447164755 5705813697679157588428154353604349463 28921867174935569606310232343382894865 
101968491904484050099709397822556322094 207234281214694149190676224202330864436 55730386965908783708948745302098168169 162785378430161232643017869332563543952 335128642517641492716296419281094445368 
90366147834163005175562770924478505669 60193277435590963289365183700839124670 90042675138720263179966823036739809150 52634062571350516408893758089363555182 309918086893829035466712288764268112957 
90573918962434304879944085494143766988 327014658994482617496716191622620543478 179954009108887204288487004422247686621 273989381312714388365307002948242248256 78437939783272473450235405682424017905 
31586321562962248866471334553160467624 28824711874789921401197317488089198632 141534515983746575755037399271958458904 332811014617840145589530944608871678692 187008292991315943030813314002593955370 
97575999108381326350129182748667987285 166208937980177358780322391280677328733 25831298385786759503103689643154731842 145508504446620237460447623066092521284 269793728588150861618066236545158641083 
110054495798507791556910311208624498646 297129714092032357686664186513186193081 210972653078409593263679885629975385373 298202696398433298126301176964936022115 135134385362099298379506889586285987481 
57210353013363460008028963210714894446 277890198573885221823780444450955667087 153214423142395466386145210356825707241 1656479109598351147898979300407593851 55406889275553908854952351089641045374 
76029898957493881971741270528844215907 138658860910422206305139420339539096544 42852074064884578530046774483012350809 28057681427533532634822965935685326969 120712026287568118998811474229034005314 
311214845447842918319314159539246155210 112470454523118843495036552755028845130 260123897877908212973721466922714734849 292874752937516122925887189682537308338 113113131122924234524607428490062473744 
321615998132243349785916857039712486976 216896250111244693752955164893559816465 44514884162214238355316323292532362613 297027896824426503716490476956962406759 117461252869677447107961660321678742278 
236266478132151337681978518654301326946 91464647277770759773833823119333491153 253425226028696928697823269122745504325 158832997247487150583232852630067808833 16840856278480780034911266034501199655 
69783795833314857950744936147420071856 174932479141177434682783058479135822587 113660880336986746739964702835813767864 50654581249104795527904683173503618740  ]